# Created by Octave 6.4.0, Sun Feb 13 02:46:40 2022 GMT <unknown@LAPTOP-VLLKNPF0>
# name: judgeMat
# type: matrix
# rows: 5
# columns: 5
 1 0.5 4 3 3
 2 1 7 5 5
 0.25 0.14285714285714285 1 0.5 0.33333333333333331
 0.33333333333333331 0.20000000000000001 2 1 1
 0.33333333333333331 0.20000000000000001 3 1 1


