# Created by Octave 6.4.0, Mon Feb 14 02:02:59 2022 GMT <unknown@LAPTOP-VLLKNPF0>
# name: X
# type: matrix
# rows: 20
# columns: 4
 4.6900000000000004 6.5899999999999999 51 11.94
 2.0299999999999998 7.8600000000000003 19 6.46
 9.1099999999999994 6.3099999999999996 46 8.9100000000000001
 8.6099999999999994 7.0499999999999998 46 26.43
 7.1299999999999999 6.5 50 23.57
 2.3900000000000001 6.7699999999999996 38 24.620000000000001
 7.6900000000000004 6.79 38 6.0099999999999998
 9.3000000000000007 6.8099999999999996 27 31.57
 5.4500000000000002 7.6200000000000001 5 18.460000000000001
 6.1900000000000004 7.2699999999999996 17 7.5099999999999998
 7.9299999999999997 7.5300000000000002 9 6.5199999999999996
 4.4000000000000004 7.2800000000000002 17 25.300000000000001
 7.46 8.2400000000000002 23 14.42
 2.0099999999999998 5.5499999999999998 47 26.309999999999999
 2.04 6.4000000000000004 23 17.91
 7.7300000000000004 6.1399999999999997 52 15.720000000000001
 6.3499999999999996 7.5800000000000001 25 29.460000000000001
 8.2899999999999991 8.4100000000000001 39 12.02
 3.54 7.2699999999999996 54 3.1600000000000001
 7.4400000000000004 6.2599999999999998 8 28.41


